0.000000000000000000e+00 5.000000074505805969e-02 0.000000000000000000e+00
8.999999761581420898e-01 8.500000238418579102e-01 0.000000000000000000e+00
5.000000000000000000e-01 0.000000000000000000e+00 0.000000000000000000e+00
6.000000238418579102e-01 0.000000000000000000e+00 0.000000000000000000e+00
1.000000000000000000e+00 0.000000000000000000e+00 0.000000000000000000e+00
1.999999949475750327e-04 9.999999747378751636e-06 0.000000000000000000e+00
0.000000000000000000e+00 0.000000000000000000e+00 2.000000000000000000e+03
0.000000000000000000e+00 8.000000000000000000e+01 2.000000000000000000e+00
5.000000000000000000e-01 0.000000000000000000e+00 4.999999888241291046e-03
6.000000238418579102e-01 2.000000000000000000e+02 1.199999973177909851e-01
